
R version 4.1.1 (2021-08-10) -- "Kick Things"
Copyright (C) 2021 The R Foundation for Statistical Computing
Platform: i386-w64-mingw32/i386 (32-bit)

R is free software and comes with ABSOLUTELY NO WARRANTY.
You are welcome to redistribute it under certain conditions.
Type 'license()' or 'licence()' for distribution details.

  Natural language support but running in an English locale

R is a collaborative project with many contributors.
Type 'contributors()' for more information and
'citation()' on how to cite R or R packages in publications.

Type 'demo()' for some demos, 'help()' for on-line help, or
'help.start()' for an HTML browser interface to help.
Type 'q()' to quit R.

[Previously saved workspace restored]

> library(BenfordTests)
This is BenfordTests version 1.2.0.
Academic users, please be sure to use: citation("BenfordTests").
Feel free to contact the Maintainer about liscensing, feature requests, etc.
Use suppressPackageStartupMessages to eliminate package startup messages.
> ibrary(benford.analysis)
Error in ibrary(benford.analysis) : could not find function "ibrary"
> library(benford.analysis)
> library(lmtest)
Loading required package: zoo

Attaching package: ‘zoo’

The following objects are masked from ‘package:base’:

    as.Date, as.Date.numeric

> R Analysis of Chernobyl Nuclear Blast
Error: unexpected symbol in "R Analysis"
> data=read.table(file=file.choose)
Error in read.table(file = file.choose) : 
  'file' must be a character string or connection
> data=read.table(file=file.choose())
> data
           V1
1        ï»¿0
2          54
3         430
4           0
5          10
6           0
7           0
8         212
9        1420
10     1434.2
11        965
12        460
13        730
14        390
15       8240
16      796.4
17       46.4
18      123.6
19       48.7
20       16.9
21       45.1
22       38.8
23      136.7
24      143.9
25       78.3
26      102.2
27      122.1
28       74.9
29       31.5
30       19.6
31       14.6
32      59200
33      59200
34      20000
35          0
36       2200
37        810
38        120
39         50
40         70
41         70
42        100
43         82
44         77
45       7000
46      98000
47     160000
48      92000
49      56000
50      70000
51          0
52          0
53          0
54      36000
55      27000
56          0
57       3000
58       2000
59       3000
60        800
61        600
62          0
63        700
64          0
65          0
66        100
67        100
68          0
69          0
70          0
71          0
72          0
73          0
74          0
75          0
76          0
77          0
78     102100
79      31800
80        370
81        260
82      11500
83      11800
84       4000
85       8700
86      11500
87        110
88         37
89         74
90         77
91        204
92         57
93          0
94          0
95          0
96          0
97          0
98          0
99          0
100         0
101         0
102         0
103     15000
104      7800
105     34000
106    109000
107    210000
108    180000
109    140000
110     41000
111     35000
112     33000
113     11000
114      3000
115      3000
116      4000
117      2100
118       160
119       190
120       220
121       130
122       140
123         0
124         0
125         0
126         0
127         0
128       740
129    225700
130     48100
131    125800
132      6300
133     10400
134       410
135       100
136       130
137       160
138         0
139         0
140     62000
141         0
142     20000
143     15000
144     34000
145         0
146     11000
147      8000
148       900
149       190
150        80
151       270
152       110
153        70
154       160
155       170
156       110
157       150
158        80
159        90
160       100
161        90
162       130
163        90
164        70
165        29
166         0
167         0
168      3700
169      9300
170      6700
171     10700
172      4600
173       200
174        70
175        40
176         0
177        70
178        70
179        90
180       500
181       620
182    190000
183    330000
184    290000
185    100000
186     63000
187     28000
188       370
189      8800
190      8000
191      4900
192      5100
193      3200
194       190
195       130
196       220
197         0
198         0
199         0
200         0
201         0
202         0
203         0
204         0
205         0
206         0
207     26000
208    400000
209    170000
210    180000
211    410000
212    240000
213    110000
214    110000
215     53000
216     44000
217     27000
218     19000
219      9000
220     12000
221      3600
222       160
223       240
224         0
225       270
226         0
227         0
228        26
229         0
230      5200
231     11500
232         0
233      8500
234       780
235       150
236        67
237        74
238        26
239        49
240        93
241         0
242        60
243       100
244     92500
245     30000
246     26000
247     10000
248      4100
249      4400
250       200
251       100
252        70
253        70
254       120
255        80
256       100
257       100
258         0
259         0
260         0
261         0
262         0
263         0
264         0
265         0
266         0
267         0
268         0
269         0
270         0
271         0
272         0
273         0
274         0
275         0
276         0
277         0
278        80
279     18000
280     40000
281     50000
282     10000
283      6000
284       730
285       100
286         0
287         0
288     36000
289      7000
290         0
291         0
292         0
293       290
294       330
295       240
296         0
297         0
298         0
299         0
300         0
301         0
302         0
303         0
304         0
305         0
306  159999.9
307     63000
308     16000
309      3000
310      3000
311      1300
312       520
313         0
314         0
315         0
316         0
317         0
318         0
319      7000
320     23000
321     18000
322      7000
323      6500
324       870
325         0
326         0
327       180
328         0
329         0
330         0
331         0
332         0
333         0
334         0
335         0
336         0
337         0
338     76000
339     76000
340     18000
341      3000
342       200
343       210
344       145
345       135
346       200
347       115
348         0
349         0
350         0
351         0
352         0
353         0
354         0
355         0
356         0
357     23000
358     65000
359      3000
360      1200
361         0
362      1000
363         0
364         0
365         0
366         0
367         0
368         0
369         0
370         0
371         0
372         0
373      9250
374     17020
375     14060
376      7400
377      3700
378      1258
379         0
380         0
381         0
382     32000
383     33000
384     80000
385      7000
386     10000
387         0
388         0
389         0
390         0
391         0
392         0
393         0
394         0
395         0
396     70000
397     22000
398       210
399         0
400         0
401         0
402       410
403         0
404         0
405         0
406         0
407        50
408         0
409         0
410         0
411         0
412         0
413       150
414        55
415       888
416      8140
417     40700
418     33300
419     44400
420     16280
421      2000
422     11000
423     55000
424     84000
425     48000
426     14000
427      9000
428      3000
429      2000
430      2000
431  180999.9
432      7200
433        40
434       300
435        30
436       200
437       270
438       250
439        40
440         0
441      9900
442     77000
443      4600
444        34
445       870
446       290
447       200
448       130
449       110
450        17
451        30
452        39
453        65
454       100
455       130
456         0
457     60000
458     10000
459       200
460       500
461       200
462       340
463       230
464       170
465        40
466        40
467     37000
468    100000
469     47000
470     18000
471     15000
472       750
473       750
474       280
475       100
476       220
477         0
478         0
479         0
480      2100
481     10000
482     23500
483     18000
484      7500
485      6200
486         0
487         0
488         0
489         0
490         0
491         0
492         0
493         0
494         3
495         7
496  309999.9
497     71000
498      3500
499      6300
500      1400
501       120
502       120
503       110
504         0
505         0
506      2104
507       781
508         0
509         0
510         0
511       198
512        38
513         0
514         0
515         0
516         0
517       118
518        98
519       124
520         0
521         0
522         0
523        93
524         0
525       126
526         0
527       500
528      6200
529     90400
530     51900
531     28700
532     21300
533     19900
534     22000
535     14700
536      1300
537      1100
538         0
539         0
540         0
541         0
542         0
543         0
544         0
545         0
546     26000
547     52000
548     72200
549     46000
550     31600
551     24000
552       900
553       400
554         0
555         0
556         0
557         0
558         0
559       100
560         0
561         0
562         0
563         0
564         0
565        50
566     92600
567     47400
568     91900
569    152600
570    147000
571    125900
572    137000
573    128500
574    103700
575     53700
576     44400
577     70400
578     55600
579     64800
580     50000
581     44400
582     70400
583     96300
584     92600
585     77700
586     74100
587     68900
588     59300
589     96300
590    103700
591     84400
592    103700
593     59300
594     40700
595     40700
596     44400
597     46300
598     26700
599     14800
600     15200
601     13000
602     13000
603     13700
604     15900
605     25900
606     28100
607     44400
608     16700
609     16300
610     16700
611      9300
612     10400
613      9300
614     10000
615     20400
616      7400
617      5600
618      5900
619      1600
620         0
621         0
622         0
623         0
624         0
625     40000
626     37000
627     25600
628     31000
629     53000
630     71500
631     76300
632     60400
633     50700
634     27000
635     35000
636     36900
637     27100
638     28100
639     41500
640     41500
641     48900
642     51100
643     49300
644     29000
645     22200
646     49600
647      8600
648      8100
649     12300
650     14800
651      6800
652      7900
653      6900
654      6200
655      8300
656      2700
657       500
658       100
659         0
660         0
661       100
662         0
663         0
664         0
665         0
666         0
667         0
668         0
669         0
670         0
671         0
672         0
673         0
674         0
675         0
676         0
677         0
678         0
679         0
680         0
681         0
682         0
683         0
684         0
685         0
686         0
687         0
688         0
689         0
690         0
691         0
692         0
693         0
694         0
695         0
696         0
697         0
698         0
699         0
700         0
701         0
702         0
703         0
704         0
705         0
706         0
707         0
708         0
709         0
710         0
711         0
712         0
713         0
714         0
715         0
716         0
717         0
718         0
719         0
720         0
721         0
722         0
723         0
724         0
725         0
726         0
727         0
728         0
729         0
730         0
731         0
732         0
733         0
734         0
735         0
736         0
737         0
738         0
739         0
740         0
741         0
742         0
743         0
744         0
745         0
746         0
747         0
748         0
749         0
750         0
751         0
752         0
753         0
754         0
755         0
756         0
757         0
758         0
759         0
760         0
761         0
762         0
763         0
764         0
765     30000
766     27400
767     86100
768     82100
769     53700
770     14800
771      5000
772     13800
773     18400
774      3200
775         0
776         0
777         0
778         0
779         0
780         0
781      8500
782     38900
783     34400
784    112600
785     61500
786     44400
787     35900
788     15200
789      9600
790         0
791      6700
792     23000
793      4400
794      1100
795         0
796         0
797         0
798         0
799     10700
800     63000
801     83000
802     92600
803     78900
804     59300
805      3700
806      3300
807     40700
808     17800
809     14400
810     12200
811      8900
812     12400
813      8900
814      4000
815      2000
816       300
817       100
818       100
819       100
820       300
821       300
822         0
823       900
824       100
825       200
826       200
827       100
828         0
829       200
830      6000
831     50000
832     70000
833     90000
834    100000
835    100000
836     80000
837     80000
838     60000
839     60000
840     50000
841     50000
842     40000
843     40000
844     40000
845     40000
846     30000
847     10000
848     10000
849      1000
850      4000
851      6000
852         0
853      3000
854      3000
855      2000
856       400
857      1000
858         0
859         0
860      1000
861         0
862         0
863         0
864         0
865         0
866         0
867    210000
868    230000
869    290000
870    320000
871    170000
872    170000
873    250000
874     77000
875     53000
876         0
877         0
878      5000
879         0
880         0
881         0
882         0
883       500
884       100
885      5000
886    120000
887     94000
888     22000
889      7000
890     18000
891     20000
892         0
893         0
894      3000
895         0
896      1000
897      1000
898       300
899       200
900       100
901         0
902         0
903    143000
904         0
905         0
906         0
907         0
908         0
909         0
910         0
911         0
912         0
913         0
914         0
915         0
916         0
917         0
918         0
919         0
920         0
921         0
922         0
923         0
924         0
925         0
926    330000
927    170000
928    160000
929     50000
930         0
931         0
932         0
933         0
934         0
935     20000
936    130000
937     39000
938     38000
939     30000
940      1000
941      1000
942         0
943         0
944         0
945         0
946      1000
947      1000
948         0
949         0
950       100
951         0
952         0
953         0
954         0
955    220000
956    250000
957         0
958         0
959         0
960         0
961         0
962         0
963         0
964         0
965         0
966         0
967         0
968         0
969         0
970         0
971         0
972         0
973         0
974         0
975         0
976         0
977         0
978         0
979         0
980         0
981         0
982         0
983         0
984         0
985         0
986         0
987         0
988         0
989         0
990         0
991         0
992         0
993         0
994         0
995         0
996         0
997         0
998         0
999         0
1000        0
1001        0
1002        0
1003        0
1004        0
1005        0
1006        0
1007        0
1008        0
1009        0
1010        0
1011        0
1012       40
1013     1600
1014    26000
1015    36000
1016     7000
1017        0
1018       30
1019       20
1020       30
1021        0
1022        0
1023        0
1024        0
1025      100
1026      250
1027        0
1028       35
1029        0
1030       28
1031       30
1032        0
1033       52
1034       60
1035      100
1036    40000
1037    15000
1038   120000
1039    10000
1040        0
1041      290
1042        0
1043      900
1044      500
1045        0
1046      100
1047        0
1048        0
1049      130
1050        0
1051        0
1052        0
1053        0
1054    24000
1055    77000
1056    14100
1057    13600
1058     6000
1059      400
1060      800
1061       30
1062      600
1063       90
1064       80
1065       90
1066       30
1067       30
1068       60
1069       30
1070       70
1071       80
1072       90
1073      110
1074      150
1075      110
1076       50
1077     1700
1078        5
1079        0
1080    43000
1081    30000
1082       38
1083        0
1084      1.4
1085       45
1086      155
1087       57
1088      1.2
1089       12
1090       27
1091       33
1092       28
1093       62
1094       61
1095       79
1096       47
1097      115
1098      115
1099       60
1100       72
1101      190
1102     6000
1103    70000
1104    90000
1105    71000
1106    64000
1107    20000
1108        0
1109        0
1110      100
1111        0
1112        0
1113        0
1114        0
1115        0
1116        0
1117       30
1118      500
1119        0
1120        0
1121      100
1122        0
1123        0
1124       92
1125       70
1126        0
1127        0
1128      100
1129        0
1130        0
1131    39000
1132   245000
1133   223000
1134   185000
1135   117000
1136    28000
1137    17000
1138    41000
1139    37000
1140    16000
1141    22000
1142    18000
1143     9000
1144     9000
1145    10000
1146     8000
1147    12000
1148     3000
1149        0
1150     1250
1151     4040
1152        0
1153        0
1154        0
1155      250
1156      210
1157        0
1158        0
1159        0
1160        0
1161       47
1162       40
1163       40
1164       70
1165      120
1166        0
1167        0
1168        0
1169       10
1170    41000
1171   191000
1172    98000
1173    64000
1174    15600
1175     1700
1176    23000
1177     2500
1178     1200
1179      148
1180       57
1181       91
1182       14
1183       50
1184      580
1185       23
1186       30
1187       40
1188       66
1189      148
1190       75
1191      108
1192       70
1193      150
1194       62
1195       91
1196      130
1197      129
1198       71
1199       84
1200      102
1201        0
1202        0
1203        0
1204     3200
1205     3290
1206     4810
1207        0
1208      890
1209        0
1210        0
1211        0
1212        0
1213        0
1214        0
1215        0
1216        0
1217        0
1218        0
1219        0
1220        0
1221      540
1222     4100
1223        0
1224        0
1225     2540
1226        0
1227        0
1228        0
1229        0
1230        0
1231        0
1232        0
1233        0
1234        0
1235        0
1236        0
1237        0
1238        0
1239        0
1240        0
1241        0
1242        0
1243        0
1244        0
1245        0
1246      800
1247    37000
1248    44400
1249    59200
1250    53600
1251    29600
1252    22200
1253    18500
1254     3300
1255     7400
1256     7700
1257     2200
1258     3300
1259        0
1260    40700
1261   148000
1262    37000
1263    11800
1264     2600
1265    14800
1266    37000
1267     4440
1268    14580
1269    60680
1270    74370
1271    93980
1272    56980
1273    48470
1274    40330
1275    10400
1276    10290
1277    11840
1278     6400
1279      500
1280      130
1281      100
1282       20
1283        0
1284        0
1285       60
1286        0
1287       50
1288        0
1289    40293
1290   183150
1291   116402
1292    32153
1293   9442.4
1294    11396
1295    23199
1296   2726.9
1297    203.5
1298    203.5
1299    126.1
1300     77.3
1301     65.1
1302    146.5
1303    105.8
1304 286324.5
1305 191493.5
1306    50875
1307   191290
1308   105820
1309   130240
1310    81400
1311    61864
1312    70004
1313   111925
1314    48433
1315    35816
1316    20350
1317    34595
1318    58201
1319    37037
1320    32560
1321    35816
1322    72039
1323   236060
1324    23606
1325    15873
1326    691.9
1327    244.2
1328    162.8
1329        0
1330    284.9
1331    297.1
1332        0
1333    185.5
1334    188.4
1335        0
1336    439.5
1337    101.7
1338    439.5
1339    142.4
1340    150.5
1341      179
1342    207.5
1343      293
1344    231.9
1345    162.8
1346   1058.2
1347    63085
1348   154660
1349   115995
1350   122100
1351    77330
1352    52910
1353    28490
1354    32967
1355    35002
1356    22792
1357    26455
1358    15466
1359     6919
1360    17501
1361    24420
1362    17908
1363    22792
1364   3093.2
1365    284.9
1366    284.9
1367    341.8
1368      175
1369    317.4
1370    276.7
1371      179
1372    231.9
1373    268.6
1374    264.5
1375    244.2
1376    374.4
1377    297.1
1378    215.7
1379    390.7
1380      293
1381    394.7
1382    341.8
1383    268.6
1384    276.7
1385    231.9
1386    191.2
1387 185315.1
1388 111701.7
1389 118702.8
1390 202160.9
1391 173328.8
1392 207467.2
1393 246263.1
1394 132571.1
1395 142097.4
1396 187080.7
1397 186038.7
1398 235703.2
1399 273896.6
1400 263261.9
1401 389428.1
1402 418563.8
1403 438101.3
1404 373519.8
1405 167647.5
1406  60089.4
1407  15966.6
1408  42989.3
1409  54665.2
1410  37213.8
1411  55637.2
1412  71205.9
1413 219565.6
1414 304552.2
1415 168191.2
1416  77460.7
1417  44276.2
1418    28513
1419  49767.1
1420  32686.5
1421  27642.3
1422  39909.5
1423  50417.1
1424        0
1425  23514.9
1426  20933.1
1427  36435.6
1428  27779.8
1429  16867.3
1430        0
1431        0
1432        0
1433        0
1434    440.6
1435    445.2
1436        0
1437        0
1438        0
1439   2645.8
1440 137829.6
1441  21681.4
1442   110690
1443  93647.8
1444  35894.9
1445  17540.8
1446  21248.6
1447    21082
1448    404.3
1449    385.5
1450    381.2
1451    266.3
1452        0
1453    384.8
1454     99.8
1455      100
1456    57400
1457    54000
1458   163700
1459   162300
1460    94800
1461    27000
1462     9900
1463    26400
1464    38300
1465     6000
1466      400
1467     1300
1468     1000
1469     1700
1470    95000
1471    82000
1472   720000
1473    17700
1474     5800
1475     9400
1476     3300
1477     5100
1478     2820
1479      770
1480     3300
1481     2050
1482      540
1483      350
1484      720
1485      970
1486     1020
1487      410
1488      290
1489      400
1490       49
1491       37
1492      155
1493      114
1494       64
1495       99
1496       87
1497       43
1498        0
1499        0
1500        0
1501        0
1502        0
1503        0
1504        0
1505        0
1506        0
1507        0
1508        0
1509        0
1510        0
1511        0
1512        0
1513        0
1514        0
1515        0
1516        0
1517        0
1518        0
1519        0
1520        0
1521        0
1522        0
1523        0
1524        0
1525        0
1526        0
1527        0
1528        0
1529        0
1530        0
1531        0
1532        0
1533        0
1534        0
1535        0
1536        0
1537        0
1538        0
1539        0
1540        0
1541        0
1542        0
1543        0
1544        0
1545        0
1546        0
1547        0
1548        0
1549        0
1550        0
1551        0
1552        0
1553        0
1554        0
1555        0
1556        0
1557        0
1558        0
1559        0
1560        0
1561        0
1562        0
1563        0
1564        0
1565        0
1566        0
1567        0
1568        0
1569        0
1570        0
1571    11100
1572      828
1573      240
1574     51.9
1575     17.3
1576     39.6
1577      183
1578      757
1579      780
1580     1250
1581     5250
1582      475
1583     51.4
1584     20.5
1585      104
1586     37.3
1587     36.2
1588     58.9
1589       23
1590       33
1591     71.3
1592      121
1593       99
1594     24.8
1595      104
1596    48100
1597     1620
1598       22
1599     19.8
1600     64.4
1601      713
1602     1270
1603      378
1604     1220
1605      713
1606      397
1607      200
1608      599
1609      334
1610      300
1611      279
1612      691
1613     3910
1614    18400
1615    28000
1616     5700
1617    19400
1618    10500
1619      209
1620      150
1621     81.9
1622     29.1
1623     18.7
1624       39
1625     3030
1626       11
1627     40.7
1628     47.3
1629     47.3
1630     39.8
1631       56
1632     10.5
1633     31.6
1634     77.1
1635      113
1636      155
1637     76.3
1638     98.6
1639      136
1640      107
1641       78
1642      102
1643     11.2
1644        0
1645     1120
1646     2890
1647     57.1
1648     11.2
1649     21.6
1650     16.5
1651      317
1652     4000
1653     2560
1654     2520
1655     54.1
1656     30.4
1657      197
1658     68.7
1659     3390
1660    52600
1661    92600
1662    93500
1663    78500
1664    61100
1665    23300
1666    18200
1667    30600
1668    41900
1669    53200
1670    55800
1671     2860
1672     5460
1673    15200
1674    13200
1675      222
1676     85.4
1677     80.7
1678     49.1
1679     28.1
1680       48
1681     21.8
1682      570
1683     1400
1684      530
1685      346
1686      290
1687      477
1688      692
1689    13300
1690    14000
1691    22300
1692      582
1693      157
1694     36.5
1695       58
1696      181
1697     65.4
1698     29.3
1699     74.1
1700     95.6
1701     38.5
1702     64.4
1703     49.1
1704     20.5
1705     63.3
1706     52.2
1707     85.5
1708      138
1709     96.9
1710      132
1711     70.1
1712       50
1713     45.1
1714     32.5
1715     17.3
1716     17.7
1717      3.2
1718      873
1719      121
1720      422
1721      135
1722     6000
1723     2430
1724      755
1725      967
1726      133
1727      724
1728      732
1729      441
1730      869
1731      552
1732     1090
1733      433
1734     3150
1735      261
1736     60.6
1737      163
1738     38.6
1739     83.9
1740      110
1741     46.2
1742     65.1
1743     68.5
1744     82.7
1745     60.4
1746     58.2
1747     69.4
1748      116
1749      147
1750     97.9
1751        0
1752     5000
1753        0
1754        0
1755        0
1756    20500
1757    74000
1758   200000
1759   130000
1760    21000
1761   120000
1762    30000
1763     4700
1764    45000
1765    42000
1766     3500
1767   439000
1768    60000
1769    67900
1770    77900
1771    40400
1772    11800
1773    25200
1774     6700
1775      400
1776      200
1777      200
1778      300
1779   450000
1780     7000
1781     1000
1782    30000
1783    68000
1784    12000
1785    10000
1786    36000
1787     6000
1788        0
1789        0
1790    83900
1791   151000
1792    65300
1793     7700
1794    76600
1795    23100
1796     3400
1797    13500
1798    32000
1799     6000
1800     6000
1801   204000
1802    38600
1803   168000
1804    12900
1805     4600
1806     3300
1807     4600
1808     4000
1809    52700
1810    45600
1811    45900
1812    37100
1813      160
1814      150
1815       60
1816      220
1817      140
1818      310
1819      310
1820       90
1821       60
1822      130
1823       80
1824       80
1825      110
1826       90
1827       60
1828   238000
1829   270000
1830    44800
1831     6500
1832    81600
1833    68300
1834    26100
1835    27900
1836    60000
1837     6300
1838      200
1839      100
1840        0
1841   290000
1842   462000
1843    44500
1844    35600
1845    36000
1846    18800
1847    10300
1848    17700
1849    28500
1850     2200
1851      100
1852      100
1853      100
1854        0
1855  1400000
1856  1200000
1857  1000000
1858   480000
1859    90000
1860    50000
1861     6000
1862     3000
1863    70000
1864   350000
1865   180000
1866    70000
1867    40000
1868    30000
1869     9000
1870    40000
1871    40000
1872    30000
1873     3000
1874        0
1875      970
1876        0
1877      250
1878      200
1879      220
1880   140000
1881   143000
1882     1300
1883    50200
1884    56000
1885        0
1886    16000
1887    30000
1888    80000
1889    13000
1890    34000
1891     5000
1892     5600
1893    58000
1894    33000
1895    14000
1896      600
1897      600
> plot(data)
Warning message:
In xy.coords(x, y, xlabel, ylabel, log) : NAs introduced by coercion
> summary(data)
      V1           
 Length:1897       
 Class :character  
 Mode  :character  
> unlist(data)
       V11        V12        V13        V14        V15        V16        V17 
    "ï»¿0"       "54"      "430"        "0"       "10"        "0"        "0" 
       V18        V19       V110       V111       V112       V113       V114 
     "212"     "1420"   "1434.2"      "965"      "460"      "730"      "390" 
      V115       V116       V117       V118       V119       V120       V121 
    "8240"    "796.4"     "46.4"    "123.6"     "48.7"     "16.9"     "45.1" 
      V122       V123       V124       V125       V126       V127       V128 
    "38.8"    "136.7"    "143.9"     "78.3"    "102.2"    "122.1"     "74.9" 
      V129       V130       V131       V132       V133       V134       V135 
    "31.5"     "19.6"     "14.6"    "59200"    "59200"    "20000"        "0" 
      V136       V137       V138       V139       V140       V141       V142 
    "2200"      "810"      "120"       "50"       "70"       "70"      "100" 
      V143       V144       V145       V146       V147       V148       V149 
      "82"       "77"     "7000"    "98000"   "160000"    "92000"    "56000" 
      V150       V151       V152       V153       V154       V155       V156 
   "70000"        "0"        "0"        "0"    "36000"    "27000"        "0" 
      V157       V158       V159       V160       V161       V162       V163 
    "3000"     "2000"     "3000"      "800"      "600"        "0"      "700" 
      V164       V165       V166       V167       V168       V169       V170 
       "0"        "0"      "100"      "100"        "0"        "0"        "0" 
      V171       V172       V173       V174       V175       V176       V177 
       "0"        "0"        "0"        "0"        "0"        "0"        "0" 
      V178       V179       V180       V181       V182       V183       V184 
  "102100"    "31800"      "370"      "260"    "11500"    "11800"     "4000" 
      V185       V186       V187       V188       V189       V190       V191 
    "8700"    "11500"      "110"       "37"       "74"       "77"      "204" 
      V192       V193       V194       V195       V196       V197       V198 
      "57"        "0"        "0"        "0"        "0"        "0"        "0" 
      V199      V1100      V1101      V1102      V1103      V1104      V1105 
       "0"        "0"        "0"        "0"    "15000"     "7800"    "34000" 
     V1106      V1107      V1108      V1109      V1110      V1111      V1112 
  "109000"   "210000"   "180000"   "140000"    "41000"    "35000"    "33000" 
     V1113      V1114      V1115      V1116      V1117      V1118      V1119 
   "11000"     "3000"     "3000"     "4000"     "2100"      "160"      "190" 
     V1120      V1121      V1122      V1123      V1124      V1125      V1126 
     "220"      "130"      "140"        "0"        "0"        "0"        "0" 
     V1127      V1128      V1129      V1130      V1131      V1132      V1133 
       "0"      "740"   "225700"    "48100"   "125800"     "6300"    "10400" 
     V1134      V1135      V1136      V1137      V1138      V1139      V1140 
     "410"      "100"      "130"      "160"        "0"        "0"    "62000" 
     V1141      V1142      V1143      V1144      V1145      V1146      V1147 
       "0"    "20000"    "15000"    "34000"        "0"    "11000"     "8000" 
     V1148      V1149      V1150      V1151      V1152      V1153      V1154 
     "900"      "190"       "80"      "270"      "110"       "70"      "160" 
     V1155      V1156      V1157      V1158      V1159      V1160      V1161 
     "170"      "110"      "150"       "80"       "90"      "100"       "90" 
     V1162      V1163      V1164      V1165      V1166      V1167      V1168 
     "130"       "90"       "70"       "29"        "0"        "0"     "3700" 
     V1169      V1170      V1171      V1172      V1173      V1174      V1175 
    "9300"     "6700"    "10700"     "4600"      "200"       "70"       "40" 
     V1176      V1177      V1178      V1179      V1180      V1181      V1182 
       "0"       "70"       "70"       "90"      "500"      "620"   "190000" 
     V1183      V1184      V1185      V1186      V1187      V1188      V1189 
  "330000"   "290000"   "100000"    "63000"    "28000"      "370"     "8800" 
     V1190      V1191      V1192      V1193      V1194      V1195      V1196 
    "8000"     "4900"     "5100"     "3200"      "190"      "130"      "220" 
     V1197      V1198      V1199      V1200      V1201      V1202      V1203 
       "0"        "0"        "0"        "0"        "0"        "0"        "0" 
     V1204      V1205      V1206      V1207      V1208      V1209      V1210 
       "0"        "0"        "0"    "26000"   "400000"   "170000"   "180000" 
     V1211      V1212      V1213      V1214      V1215      V1216      V1217 
  "410000"   "240000"   "110000"   "110000"    "53000"    "44000"    "27000" 
     V1218      V1219      V1220      V1221      V1222      V1223      V1224 
   "19000"     "9000"    "12000"     "3600"      "160"      "240"        "0" 
     V1225      V1226      V1227      V1228      V1229      V1230      V1231 
     "270"        "0"        "0"       "26"        "0"     "5200"    "11500" 
     V1232      V1233      V1234      V1235      V1236      V1237      V1238 
       "0"     "8500"      "780"      "150"       "67"       "74"       "26" 
     V1239      V1240      V1241      V1242      V1243      V1244      V1245 
      "49"       "93"        "0"       "60"      "100"    "92500"    "30000" 
     V1246      V1247      V1248      V1249      V1250      V1251      V1252 
   "26000"    "10000"     "4100"     "4400"      "200"      "100"       "70" 
     V1253      V1254      V1255      V1256      V1257      V1258      V1259 
      "70"      "120"       "80"      "100"      "100"        "0"        "0" 
     V1260      V1261      V1262      V1263      V1264      V1265      V1266 
       "0"        "0"        "0"        "0"        "0"        "0"        "0" 
     V1267      V1268      V1269      V1270      V1271      V1272      V1273 
       "0"        "0"        "0"        "0"        "0"        "0"        "0" 
     V1274      V1275      V1276      V1277      V1278      V1279      V1280 
       "0"        "0"        "0"        "0"       "80"    "18000"    "40000" 
     V1281      V1282      V1283      V1284      V1285      V1286      V1287 
   "50000"    "10000"     "6000"      "730"      "100"        "0"        "0" 
     V1288      V1289      V1290      V1291      V1292      V1293      V1294 
   "36000"     "7000"        "0"        "0"        "0"      "290"      "330" 
     V1295      V1296      V1297      V1298      V1299      V1300      V1301 
     "240"        "0"        "0"        "0"        "0"        "0"        "0" 
     V1302      V1303      V1304      V1305      V1306      V1307      V1308 
       "0"        "0"        "0"        "0" "159999.9"    "63000"    "16000" 
     V1309      V1310      V1311      V1312      V1313      V1314      V1315 
    "3000"     "3000"     "1300"      "520"        "0"        "0"        "0" 
     V1316      V1317      V1318      V1319      V1320      V1321      V1322 
       "0"        "0"        "0"     "7000"    "23000"    "18000"     "7000" 
     V1323      V1324      V1325      V1326      V1327      V1328      V1329 
    "6500"      "870"        "0"        "0"      "180"        "0"        "0" 
     V1330      V1331      V1332      V1333      V1334      V1335      V1336 
       "0"        "0"        "0"        "0"        "0"        "0"        "0" 
     V1337      V1338      V1339      V1340      V1341      V1342      V1343 
       "0"    "76000"    "76000"    "18000"     "3000"      "200"      "210" 
     V1344      V1345      V1346      V1347      V1348      V1349      V1350 
     "145"      "135"      "200"      "115"        "0"        "0"        "0" 
     V1351      V1352      V1353      V1354      V1355      V1356      V1357 
       "0"        "0"        "0"        "0"        "0"        "0"    "23000" 
     V1358      V1359      V1360      V1361      V1362      V1363      V1364 
   "65000"     "3000"     "1200"        "0"     "1000"        "0"        "0" 
     V1365      V1366      V1367      V1368      V1369      V1370      V1371 
       "0"        "0"        "0"        "0"        "0"        "0"        "0" 
     V1372      V1373      V1374      V1375      V1376      V1377      V1378 
       "0"     "9250"    "17020"    "14060"     "7400"     "3700"     "1258" 
     V1379      V1380      V1381      V1382      V1383      V1384      V1385 
       "0"        "0"        "0"    "32000"    "33000"    "80000"     "7000" 
     V1386      V1387      V1388      V1389      V1390      V1391      V1392 
   "10000"        "0"        "0"        "0"        "0"        "0"        "0" 
     V1393      V1394      V1395      V1396      V1397      V1398      V1399 
       "0"        "0"        "0"    "70000"    "22000"      "210"        "0" 
     V1400      V1401      V1402      V1403      V1404      V1405      V1406 
       "0"        "0"      "410"        "0"        "0"        "0"        "0" 
     V1407      V1408      V1409      V1410      V1411      V1412      V1413 
      "50"        "0"        "0"        "0"        "0"        "0"      "150" 
     V1414      V1415      V1416      V1417      V1418      V1419      V1420 
      "55"      "888"     "8140"    "40700"    "33300"    "44400"    "16280" 
     V1421      V1422      V1423      V1424      V1425      V1426      V1427 
    "2000"    "11000"    "55000"    "84000"    "48000"    "14000"     "9000" 
     V1428      V1429      V1430      V1431      V1432      V1433      V1434 
    "3000"     "2000"     "2000" "180999.9"     "7200"       "40"      "300" 
     V1435      V1436      V1437      V1438      V1439      V1440      V1441 
      "30"      "200"      "270"      "250"       "40"        "0"     "9900" 
     V1442      V1443      V1444      V1445      V1446      V1447      V1448 
   "77000"     "4600"       "34"      "870"      "290"      "200"      "130" 
     V1449      V1450      V1451      V1452      V1453      V1454      V1455 
     "110"       "17"       "30"       "39"       "65"      "100"      "130" 
     V1456      V1457      V1458      V1459      V1460      V1461      V1462 
       "0"    "60000"    "10000"      "200"      "500"      "200"      "340" 
     V1463      V1464      V1465      V1466      V1467      V1468      V1469 
     "230"      "170"       "40"       "40"    "37000"   "100000"    "47000" 
     V1470      V1471      V1472      V1473      V1474      V1475      V1476 
   "18000"    "15000"      "750"      "750"      "280"      "100"      "220" 
     V1477      V1478      V1479      V1480      V1481      V1482      V1483 
       "0"        "0"        "0"     "2100"    "10000"    "23500"    "18000" 
     V1484      V1485      V1486      V1487      V1488      V1489      V1490 
    "7500"     "6200"        "0"        "0"        "0"        "0"        "0" 
     V1491      V1492      V1493      V1494      V1495      V1496      V1497 
       "0"        "0"        "0"        "3"        "7" "309999.9"    "71000" 
     V1498      V1499      V1500      V1501      V1502      V1503      V1504 
    "3500"     "6300"     "1400"      "120"      "120"      "110"        "0" 
     V1505      V1506      V1507      V1508      V1509      V1510      V1511 
       "0"     "2104"      "781"        "0"        "0"        "0"      "198" 
     V1512      V1513      V1514      V1515      V1516      V1517      V1518 
      "38"        "0"        "0"        "0"        "0"      "118"       "98" 
     V1519      V1520      V1521      V1522      V1523      V1524      V1525 
     "124"        "0"        "0"        "0"       "93"        "0"      "126" 
     V1526      V1527      V1528      V1529      V1530      V1531      V1532 
       "0"      "500"     "6200"    "90400"    "51900"    "28700"    "21300" 
     V1533      V1534      V1535      V1536      V1537      V1538      V1539 
   "19900"    "22000"    "14700"     "1300"     "1100"        "0"        "0" 
     V1540      V1541      V1542      V1543      V1544      V1545      V1546 
       "0"        "0"        "0"        "0"        "0"        "0"    "26000" 
     V1547      V1548      V1549      V1550      V1551      V1552      V1553 
   "52000"    "72200"    "46000"    "31600"    "24000"      "900"      "400" 
     V1554      V1555      V1556      V1557      V1558      V1559      V1560 
       "0"        "0"        "0"        "0"        "0"      "100"        "0" 
     V1561      V1562      V1563      V1564      V1565      V1566      V1567 
       "0"        "0"        "0"        "0"       "50"    "92600"    "47400" 
     V1568      V1569      V1570      V1571      V1572      V1573      V1574 
   "91900"   "152600"   "147000"   "125900"   "137000"   "128500"   "103700" 
     V1575      V1576      V1577      V1578      V1579      V1580      V1581 
   "53700"    "44400"    "70400"    "55600"    "64800"    "50000"    "44400" 
     V1582      V1583      V1584      V1585      V1586      V1587      V1588 
   "70400"    "96300"    "92600"    "77700"    "74100"    "68900"    "59300" 
     V1589      V1590      V1591      V1592      V1593      V1594      V1595 
   "96300"   "103700"    "84400"   "103700"    "59300"    "40700"    "40700" 
     V1596      V1597      V1598      V1599      V1600      V1601      V1602 
   "44400"    "46300"    "26700"    "14800"    "15200"    "13000"    "13000" 
     V1603      V1604      V1605      V1606      V1607      V1608      V1609 
   "13700"    "15900"    "25900"    "28100"    "44400"    "16700"    "16300" 
     V1610      V1611      V1612      V1613      V1614      V1615      V1616 
   "16700"     "9300"    "10400"     "9300"    "10000"    "20400"     "7400" 
     V1617      V1618      V1619      V1620      V1621      V1622      V1623 
    "5600"     "5900"     "1600"        "0"        "0"        "0"        "0" 
     V1624      V1625      V1626      V1627      V1628      V1629      V1630 
       "0"    "40000"    "37000"    "25600"    "31000"    "53000"    "71500" 
     V1631      V1632      V1633      V1634      V1635      V1636      V1637 
   "76300"    "60400"    "50700"    "27000"    "35000"    "36900"    "27100" 
     V1638      V1639      V1640      V1641      V1642      V1643      V1644 
   "28100"    "41500"    "41500"    "48900"    "51100"    "49300"    "29000" 
     V1645      V1646      V1647      V1648      V1649      V1650      V1651 
   "22200"    "49600"     "8600"     "8100"    "12300"    "14800"     "6800" 
     V1652      V1653      V1654      V1655      V1656      V1657      V1658 
    "7900"     "6900"     "6200"     "8300"     "2700"      "500"      "100" 
     V1659      V1660      V1661      V1662      V1663      V1664      V1665 
       "0"        "0"      "100"        "0"        "0"        "0"        "0" 
     V1666      V1667      V1668      V1669      V1670      V1671      V1672 
       "0"        "0"        "0"        "0"        "0"        "0"        "0" 
     V1673      V1674      V1675      V1676      V1677      V1678      V1679 
       "0"        "0"        "0"        "0"        "0"        "0"        "0" 
     V1680      V1681      V1682      V1683      V1684      V1685      V1686 
       "0"        "0"        "0"        "0"        "0"        "0"        "0" 
     V1687      V1688      V1689      V1690      V1691      V1692      V1693 
       "0"        "0"        "0"        "0"        "0"        "0"        "0" 
     V1694      V1695      V1696      V1697      V1698      V1699      V1700 
       "0"        "0"        "0"        "0"        "0"        "0"        "0" 
     V1701      V1702      V1703      V1704      V1705      V1706      V1707 
       "0"        "0"        "0"        "0"        "0"        "0"        "0" 
     V1708      V1709      V1710      V1711      V1712      V1713      V1714 
       "0"        "0"        "0"        "0"        "0"        "0"        "0" 
     V1715      V1716      V1717      V1718      V1719      V1720      V1721 
       "0"        "0"        "0"        "0"        "0"        "0"        "0" 
     V1722      V1723      V1724      V1725      V1726      V1727      V1728 
       "0"        "0"        "0"        "0"        "0"        "0"        "0" 
     V1729      V1730      V1731      V1732      V1733      V1734      V1735 
       "0"        "0"        "0"        "0"        "0"        "0"        "0" 
     V1736      V1737      V1738      V1739      V1740      V1741      V1742 
       "0"        "0"        "0"        "0"        "0"        "0"        "0" 
     V1743      V1744      V1745      V1746      V1747      V1748      V1749 
       "0"        "0"        "0"        "0"        "0"        "0"        "0" 
     V1750      V1751      V1752      V1753      V1754      V1755      V1756 
       "0"        "0"        "0"        "0"        "0"        "0"        "0" 
     V1757      V1758      V1759      V1760      V1761      V1762      V1763 
       "0"        "0"        "0"        "0"        "0"        "0"        "0" 
     V1764      V1765      V1766      V1767      V1768      V1769      V1770 
       "0"    "30000"    "27400"    "86100"    "82100"    "53700"    "14800" 
     V1771      V1772      V1773      V1774      V1775      V1776      V1777 
    "5000"    "13800"    "18400"     "3200"        "0"        "0"        "0" 
     V1778      V1779      V1780      V1781      V1782      V1783      V1784 
       "0"        "0"        "0"     "8500"    "38900"    "34400"   "112600" 
     V1785      V1786      V1787      V1788      V1789      V1790      V1791 
   "61500"    "44400"    "35900"    "15200"     "9600"        "0"     "6700" 
     V1792      V1793      V1794      V1795      V1796      V1797      V1798 
   "23000"     "4400"     "1100"        "0"        "0"        "0"        "0" 
     V1799      V1800      V1801      V1802      V1803      V1804      V1805 
   "10700"    "63000"    "83000"    "92600"    "78900"    "59300"     "3700" 
     V1806      V1807      V1808      V1809      V1810      V1811      V1812 
    "3300"    "40700"    "17800"    "14400"    "12200"     "8900"    "12400" 
     V1813      V1814      V1815      V1816      V1817      V1818      V1819 
    "8900"     "4000"     "2000"      "300"      "100"      "100"      "100" 
     V1820      V1821      V1822      V1823      V1824      V1825      V1826 
     "300"      "300"        "0"      "900"      "100"      "200"      "200" 
     V1827      V1828      V1829      V1830      V1831      V1832      V1833 
     "100"        "0"      "200"     "6000"    "50000"    "70000"    "90000" 
     V1834      V1835      V1836      V1837      V1838      V1839      V1840 
  "100000"   "100000"    "80000"    "80000"    "60000"    "60000"    "50000" 
     V1841      V1842      V1843      V1844      V1845      V1846      V1847 
   "50000"    "40000"    "40000"    "40000"    "40000"    "30000"    "10000" 
     V1848      V1849      V1850      V1851      V1852      V1853      V1854 
   "10000"     "1000"     "4000"     "6000"        "0"     "3000"     "3000" 
     V1855      V1856      V1857      V1858      V1859      V1860      V1861 
    "2000"      "400"     "1000"        "0"        "0"     "1000"        "0" 
     V1862      V1863      V1864      V1865      V1866      V1867      V1868 
       "0"        "0"        "0"        "0"        "0"   "210000"   "230000" 
     V1869      V1870      V1871      V1872      V1873      V1874      V1875 
  "290000"   "320000"   "170000"   "170000"   "250000"    "77000"    "53000" 
     V1876      V1877      V1878      V1879      V1880      V1881      V1882 
       "0"        "0"     "5000"        "0"        "0"        "0"        "0" 
     V1883      V1884      V1885      V1886      V1887      V1888      V1889 
     "500"      "100"     "5000"   "120000"    "94000"    "22000"     "7000" 
     V1890      V1891      V1892      V1893      V1894      V1895      V1896 
   "18000"    "20000"        "0"        "0"     "3000"        "0"     "1000" 
     V1897      V1898      V1899      V1900      V1901      V1902      V1903 
    "1000"      "300"      "200"      "100"        "0"        "0"   "143000" 
     V1904      V1905      V1906      V1907      V1908      V1909      V1910 
       "0"        "0"        "0"        "0"        "0"        "0"        "0" 
     V1911      V1912      V1913      V1914      V1915      V1916      V1917 
       "0"        "0"        "0"        "0"        "0"        "0"        "0" 
     V1918      V1919      V1920      V1921      V1922      V1923      V1924 
       "0"        "0"        "0"        "0"        "0"        "0"        "0" 
     V1925      V1926      V1927      V1928      V1929      V1930      V1931 
       "0"   "330000"   "170000"   "160000"    "50000"        "0"        "0" 
     V1932      V1933      V1934      V1935      V1936      V1937      V1938 
       "0"        "0"        "0"    "20000"   "130000"    "39000"    "38000" 
     V1939      V1940      V1941      V1942      V1943      V1944      V1945 
   "30000"     "1000"     "1000"        "0"        "0"        "0"        "0" 
     V1946      V1947      V1948      V1949      V1950      V1951      V1952 
    "1000"     "1000"        "0"        "0"      "100"        "0"        "0" 
     V1953      V1954      V1955      V1956      V1957      V1958      V1959 
       "0"        "0"   "220000"   "250000"        "0"        "0"        "0" 
     V1960      V1961      V1962      V1963      V1964      V1965      V1966 
       "0"        "0"        "0"        "0"        "0"        "0"        "0" 
     V1967      V1968      V1969      V1970      V1971      V1972      V1973 
       "0"        "0"        "0"        "0"        "0"        "0"        "0" 
     V1974      V1975      V1976      V1977      V1978      V1979      V1980 
       "0"        "0"        "0"        "0"        "0"        "0"        "0" 
     V1981      V1982      V1983      V1984      V1985      V1986      V1987 
       "0"        "0"        "0"        "0"        "0"        "0"        "0" 
     V1988      V1989      V1990      V1991      V1992      V1993      V1994 
       "0"        "0"        "0"        "0"        "0"        "0"        "0" 
     V1995      V1996      V1997      V1998      V1999     V11000     V11001 
       "0"        "0"        "0"        "0"        "0"        "0"        "0" 
    V11002     V11003     V11004     V11005     V11006     V11007     V11008 
       "0"        "0"        "0"        "0"        "0"        "0"        "0" 
    V11009     V11010     V11011     V11012     V11013     V11014     V11015 
       "0"        "0"        "0"       "40"     "1600"    "26000"    "36000" 
    V11016     V11017     V11018     V11019     V11020     V11021     V11022 
    "7000"        "0"       "30"       "20"       "30"        "0"        "0" 
    V11023     V11024     V11025     V11026     V11027     V11028     V11029 
       "0"        "0"      "100"      "250"        "0"       "35"        "0" 
    V11030     V11031     V11032     V11033     V11034     V11035     V11036 
      "28"       "30"        "0"       "52"       "60"      "100"    "40000" 
    V11037     V11038     V11039     V11040     V11041     V11042     V11043 
   "15000"   "120000"    "10000"        "0"      "290"        "0"      "900" 
    V11044     V11045     V11046     V11047     V11048     V11049     V11050 
     "500"        "0"      "100"        "0"        "0"      "130"        "0" 
    V11051     V11052     V11053     V11054     V11055     V11056     V11057 
       "0"        "0"        "0"    "24000"    "77000"    "14100"    "13600" 
    V11058     V11059     V11060     V11061     V11062     V11063     V11064 
    "6000"      "400"      "800"       "30"      "600"       "90"       "80" 
    V11065     V11066     V11067     V11068     V11069     V11070     V11071 
      "90"       "30"       "30"       "60"       "30"       "70"       "80" 
    V11072     V11073     V11074     V11075     V11076     V11077     V11078 
      "90"      "110"      "150"      "110"       "50"     "1700"        "5" 
    V11079     V11080     V11081     V11082     V11083     V11084     V11085 
       "0"    "43000"    "30000"       "38"        "0"      "1.4"       "45" 
    V11086     V11087     V11088     V11089     V11090     V11091     V11092 
     "155"       "57"      "1.2"       "12"       "27"       "33"       "28" 
    V11093     V11094     V11095     V11096     V11097     V11098     V11099 
      "62"       "61"       "79"       "47"      "115"      "115"       "60" 
    V11100     V11101     V11102     V11103     V11104     V11105     V11106 
      "72"      "190"     "6000"    "70000"    "90000"    "71000"    "64000" 
    V11107     V11108     V11109     V11110     V11111     V11112     V11113 
   "20000"        "0"        "0"      "100"        "0"        "0"        "0" 
    V11114     V11115     V11116     V11117     V11118     V11119     V11120 
       "0"        "0"        "0"       "30"      "500"        "0"        "0" 
    V11121     V11122     V11123     V11124     V11125     V11126     V11127 
     "100"        "0"        "0"       "92"       "70"        "0"        "0" 
    V11128     V11129     V11130     V11131     V11132     V11133     V11134 
     "100"        "0"        "0"    "39000"   "245000"   "223000"   "185000" 
    V11135     V11136     V11137     V11138     V11139     V11140     V11141 
  "117000"    "28000"    "17000"    "41000"    "37000"    "16000"    "22000" 
    V11142     V11143     V11144     V11145     V11146     V11147     V11148 
   "18000"     "9000"     "9000"    "10000"     "8000"    "12000"     "3000" 
    V11149     V11150     V11151     V11152     V11153     V11154     V11155 
       "0"     "1250"     "4040"        "0"        "0"        "0"      "250" 
    V11156     V11157     V11158     V11159     V11160     V11161     V11162 
     "210"        "0"        "0"        "0"        "0"       "47"       "40" 
    V11163     V11164     V11165     V11166     V11167     V11168     V11169 
      "40"       "70"      "120"        "0"        "0"        "0"       "10" 
    V11170     V11171     V11172     V11173     V11174     V11175     V11176 
   "41000"   "191000"    "98000"    "64000"    "15600"     "1700"    "23000" 
    V11177     V11178     V11179     V11180     V11181     V11182     V11183 
    "2500"     "1200"      "148"       "57"       "91"       "14"       "50" 
    V11184     V11185     V11186     V11187     V11188     V11189     V11190 
     "580"       "23"       "30"       "40"       "66"      "148"       "75" 
    V11191     V11192     V11193     V11194     V11195     V11196     V11197 
     "108"       "70"      "150"       "62"       "91"      "130"      "129" 
    V11198     V11199     V11200     V11201     V11202     V11203     V11204 
      "71"       "84"      "102"        "0"        "0"        "0"     "3200" 
    V11205     V11206     V11207     V11208     V11209     V11210     V11211 
    "3290"     "4810"        "0"      "890"        "0"        "0"        "0" 
    V11212     V11213     V11214     V11215     V11216     V11217     V11218 
       "0"        "0"        "0"        "0"        "0"        "0"        "0" 
    V11219     V11220     V11221     V11222     V11223     V11224     V11225 
       "0"        "0"      "540"     "4100"        "0"        "0"     "2540" 
    V11226     V11227     V11228     V11229     V11230     V11231     V11232 
       "0"        "0"        "0"        "0"        "0"        "0"        "0" 
    V11233     V11234     V11235     V11236     V11237     V11238     V11239 
       "0"        "0"        "0"        "0"        "0"        "0"        "0" 
    V11240     V11241     V11242     V11243     V11244     V11245     V11246 
       "0"        "0"        "0"        "0"        "0"        "0"      "800" 
    V11247     V11248     V11249     V11250     V11251     V11252     V11253 
   "37000"    "44400"    "59200"    "53600"    "29600"    "22200"    "18500" 
    V11254     V11255     V11256     V11257     V11258     V11259     V11260 
    "3300"     "7400"     "7700"     "2200"     "3300"        "0"    "40700" 
    V11261     V11262     V11263     V11264     V11265     V11266     V11267 
  "148000"    "37000"    "11800"     "2600"    "14800"    "37000"     "4440" 
    V11268     V11269     V11270     V11271     V11272     V11273     V11274 
   "14580"    "60680"    "74370"    "93980"    "56980"    "48470"    "40330" 
    V11275     V11276     V11277     V11278     V11279     V11280     V11281 
   "10400"    "10290"    "11840"     "6400"      "500"      "130"      "100" 
    V11282     V11283     V11284     V11285     V11286     V11287     V11288 
      "20"        "0"        "0"       "60"        "0"       "50"        "0" 
    V11289     V11290     V11291     V11292     V11293     V11294     V11295 
   "40293"   "183150"   "116402"    "32153"   "9442.4"    "11396"    "23199" 
    V11296     V11297     V11298     V11299     V11300     V11301     V11302 
  "2726.9"    "203.5"    "203.5"    "126.1"     "77.3"     "65.1"    "146.5" 
    V11303     V11304     V11305     V11306     V11307     V11308     V11309 
   "105.8" "286324.5" "191493.5"    "50875"   "191290"   "105820"   "130240" 
    V11310     V11311     V11312     V11313     V11314     V11315     V11316 
   "81400"    "61864"    "70004"   "111925"    "48433"    "35816"    "20350" 
    V11317     V11318     V11319     V11320     V11321     V11322     V11323 
   "34595"    "58201"    "37037"    "32560"    "35816"    "72039"   "236060" 
    V11324     V11325     V11326     V11327     V11328     V11329     V11330 
   "23606"    "15873"    "691.9"    "244.2"    "162.8"        "0"    "284.9" 
    V11331     V11332     V11333     V11334     V11335     V11336     V11337 
   "297.1"        "0"    "185.5"    "188.4"        "0"    "439.5"    "101.7" 
    V11338     V11339     V11340     V11341     V11342     V11343     V11344 
   "439.5"    "142.4"    "150.5"      "179"    "207.5"      "293"    "231.9" 
    V11345     V11346     V11347     V11348     V11349     V11350     V11351 
   "162.8"   "1058.2"    "63085"   "154660"   "115995"   "122100"    "77330" 
    V11352     V11353     V11354     V11355     V11356     V11357     V11358 
   "52910"    "28490"    "32967"    "35002"    "22792"    "26455"    "15466" 
    V11359     V11360     V11361     V11362     V11363     V11364     V11365 
    "6919"    "17501"    "24420"    "17908"    "22792"   "3093.2"    "284.9" 
    V11366     V11367     V11368     V11369     V11370     V11371     V11372 
   "284.9"    "341.8"      "175"    "317.4"    "276.7"      "179"    "231.9" 
    V11373     V11374     V11375     V11376     V11377     V11378     V11379 
   "268.6"    "264.5"    "244.2"    "374.4"    "297.1"    "215.7"    "390.7" 
    V11380     V11381     V11382     V11383     V11384     V11385     V11386 
     "293"    "394.7"    "341.8"    "268.6"    "276.7"    "231.9"    "191.2" 
    V11387     V11388     V11389     V11390     V11391     V11392     V11393 
"185315.1" "111701.7" "118702.8" "202160.9" "173328.8" "207467.2" "246263.1" 
    V11394     V11395     V11396     V11397     V11398     V11399     V11400 
"132571.1" "142097.4" "187080.7" "186038.7" "235703.2" "273896.6" "263261.9" 
    V11401     V11402     V11403     V11404     V11405     V11406     V11407 
"389428.1" "418563.8" "438101.3" "373519.8" "167647.5"  "60089.4"  "15966.6" 
    V11408     V11409     V11410     V11411     V11412     V11413     V11414 
 "42989.3"  "54665.2"  "37213.8"  "55637.2"  "71205.9" "219565.6" "304552.2" 
    V11415     V11416     V11417     V11418     V11419     V11420     V11421 
"168191.2"  "77460.7"  "44276.2"    "28513"  "49767.1"  "32686.5"  "27642.3" 
    V11422     V11423     V11424     V11425     V11426     V11427     V11428 
 "39909.5"  "50417.1"        "0"  "23514.9"  "20933.1"  "36435.6"  "27779.8" 
    V11429     V11430     V11431     V11432     V11433     V11434     V11435 
 "16867.3"        "0"        "0"        "0"        "0"    "440.6"    "445.2" 
    V11436     V11437     V11438     V11439     V11440     V11441     V11442 
       "0"        "0"        "0"   "2645.8" "137829.6"  "21681.4"   "110690" 
    V11443     V11444     V11445     V11446     V11447     V11448     V11449 
 "93647.8"  "35894.9"  "17540.8"  "21248.6"    "21082"    "404.3"    "385.5" 
    V11450     V11451     V11452     V11453     V11454     V11455     V11456 
   "381.2"    "266.3"        "0"    "384.8"     "99.8"      "100"    "57400" 
    V11457     V11458     V11459     V11460     V11461     V11462     V11463 
   "54000"   "163700"   "162300"    "94800"    "27000"     "9900"    "26400" 
    V11464     V11465     V11466     V11467     V11468     V11469     V11470 
   "38300"     "6000"      "400"     "1300"     "1000"     "1700"    "95000" 
    V11471     V11472     V11473     V11474     V11475     V11476     V11477 
   "82000"   "720000"    "17700"     "5800"     "9400"     "3300"     "5100" 
    V11478     V11479     V11480     V11481     V11482     V11483     V11484 
    "2820"      "770"     "3300"     "2050"      "540"      "350"      "720" 
    V11485     V11486     V11487     V11488     V11489     V11490     V11491 
     "970"     "1020"      "410"      "290"      "400"       "49"       "37" 
    V11492     V11493     V11494     V11495     V11496     V11497     V11498 
     "155"      "114"       "64"       "99"       "87"       "43"        "0" 
    V11499     V11500     V11501     V11502     V11503     V11504     V11505 
       "0"        "0"        "0"        "0"        "0"        "0"        "0" 
    V11506     V11507     V11508     V11509     V11510     V11511     V11512 
       "0"        "0"        "0"        "0"        "0"        "0"        "0" 
    V11513     V11514     V11515     V11516     V11517     V11518     V11519 
       "0"        "0"        "0"        "0"        "0"        "0"        "0" 
    V11520     V11521     V11522     V11523     V11524     V11525     V11526 
       "0"        "0"        "0"        "0"        "0"        "0"        "0" 
    V11527     V11528     V11529     V11530     V11531     V11532     V11533 
       "0"        "0"        "0"        "0"        "0"        "0"        "0" 
    V11534     V11535     V11536     V11537     V11538     V11539     V11540 
       "0"        "0"        "0"        "0"        "0"        "0"        "0" 
    V11541     V11542     V11543     V11544     V11545     V11546     V11547 
       "0"        "0"        "0"        "0"        "0"        "0"        "0" 
    V11548     V11549     V11550     V11551     V11552     V11553     V11554 
       "0"        "0"        "0"        "0"        "0"        "0"        "0" 
    V11555     V11556     V11557     V11558     V11559     V11560     V11561 
       "0"        "0"        "0"        "0"        "0"        "0"        "0" 
    V11562     V11563     V11564     V11565     V11566     V11567     V11568 
       "0"        "0"        "0"        "0"        "0"        "0"        "0" 
    V11569     V11570     V11571     V11572     V11573     V11574     V11575 
       "0"        "0"    "11100"      "828"      "240"     "51.9"     "17.3" 
    V11576     V11577     V11578     V11579     V11580     V11581     V11582 
    "39.6"      "183"      "757"      "780"     "1250"     "5250"      "475" 
    V11583     V11584     V11585     V11586     V11587     V11588     V11589 
    "51.4"     "20.5"      "104"     "37.3"     "36.2"     "58.9"       "23" 
    V11590     V11591     V11592     V11593     V11594     V11595     V11596 
      "33"     "71.3"      "121"       "99"     "24.8"      "104"    "48100" 
    V11597     V11598     V11599     V11600     V11601     V11602     V11603 
    "1620"       "22"     "19.8"     "64.4"      "713"     "1270"      "378" 
    V11604     V11605     V11606     V11607     V11608     V11609     V11610 
    "1220"      "713"      "397"      "200"      "599"      "334"      "300" 
    V11611     V11612     V11613     V11614     V11615     V11616     V11617 
     "279"      "691"     "3910"    "18400"    "28000"     "5700"    "19400" 
    V11618     V11619     V11620     V11621     V11622     V11623     V11624 
   "10500"      "209"      "150"     "81.9"     "29.1"     "18.7"       "39" 
    V11625     V11626     V11627     V11628     V11629     V11630     V11631 
    "3030"       "11"     "40.7"     "47.3"     "47.3"     "39.8"       "56" 
    V11632     V11633     V11634     V11635     V11636     V11637     V11638 
    "10.5"     "31.6"     "77.1"      "113"      "155"     "76.3"     "98.6" 
    V11639     V11640     V11641     V11642     V11643     V11644     V11645 
     "136"      "107"       "78"      "102"     "11.2"        "0"     "1120" 
    V11646     V11647     V11648     V11649     V11650     V11651     V11652 
    "2890"     "57.1"     "11.2"     "21.6"     "16.5"      "317"     "4000" 
    V11653     V11654     V11655     V11656     V11657     V11658     V11659 
    "2560"     "2520"     "54.1"     "30.4"      "197"     "68.7"     "3390" 
    V11660     V11661     V11662     V11663     V11664     V11665     V11666 
   "52600"    "92600"    "93500"    "78500"    "61100"    "23300"    "18200" 
    V11667     V11668     V11669     V11670     V11671     V11672     V11673 
   "30600"    "41900"    "53200"    "55800"     "2860"     "5460"    "15200" 
    V11674     V11675     V11676     V11677     V11678     V11679     V11680 
   "13200"      "222"     "85.4"     "80.7"     "49.1"     "28.1"       "48" 
    V11681     V11682     V11683     V11684     V11685     V11686     V11687 
    "21.8"      "570"     "1400"      "530"      "346"      "290"      "477" 
    V11688     V11689     V11690     V11691     V11692     V11693     V11694 
     "692"    "13300"    "14000"    "22300"      "582"      "157"     "36.5" 
    V11695     V11696     V11697     V11698     V11699     V11700     V11701 
      "58"      "181"     "65.4"     "29.3"     "74.1"     "95.6"     "38.5" 
    V11702     V11703     V11704     V11705     V11706     V11707     V11708 
    "64.4"     "49.1"     "20.5"     "63.3"     "52.2"     "85.5"      "138" 
    V11709     V11710     V11711     V11712     V11713     V11714     V11715 
    "96.9"      "132"     "70.1"       "50"     "45.1"     "32.5"     "17.3" 
    V11716     V11717     V11718     V11719     V11720     V11721     V11722 
    "17.7"      "3.2"      "873"      "121"      "422"      "135"     "6000" 
    V11723     V11724     V11725     V11726     V11727     V11728     V11729 
    "2430"      "755"      "967"      "133"      "724"      "732"      "441" 
    V11730     V11731     V11732     V11733     V11734     V11735     V11736 
     "869"      "552"     "1090"      "433"     "3150"      "261"     "60.6" 
    V11737     V11738     V11739     V11740     V11741     V11742     V11743 
     "163"     "38.6"     "83.9"      "110"     "46.2"     "65.1"     "68.5" 
    V11744     V11745     V11746     V11747     V11748     V11749     V11750 
    "82.7"     "60.4"     "58.2"     "69.4"      "116"      "147"     "97.9" 
    V11751     V11752     V11753     V11754     V11755     V11756     V11757 
       "0"     "5000"        "0"        "0"        "0"    "20500"    "74000" 
    V11758     V11759     V11760     V11761     V11762     V11763     V11764 
  "200000"   "130000"    "21000"   "120000"    "30000"     "4700"    "45000" 
    V11765     V11766     V11767     V11768     V11769     V11770     V11771 
   "42000"     "3500"   "439000"    "60000"    "67900"    "77900"    "40400" 
    V11772     V11773     V11774     V11775     V11776     V11777     V11778 
   "11800"    "25200"     "6700"      "400"      "200"      "200"      "300" 
    V11779     V11780     V11781     V11782     V11783     V11784     V11785 
  "450000"     "7000"     "1000"    "30000"    "68000"    "12000"    "10000" 
    V11786     V11787     V11788     V11789     V11790     V11791     V11792 
   "36000"     "6000"        "0"        "0"    "83900"   "151000"    "65300" 
    V11793     V11794     V11795     V11796     V11797     V11798     V11799 
    "7700"    "76600"    "23100"     "3400"    "13500"    "32000"     "6000" 
    V11800     V11801     V11802     V11803     V11804     V11805     V11806 
    "6000"   "204000"    "38600"   "168000"    "12900"     "4600"     "3300" 
    V11807     V11808     V11809     V11810     V11811     V11812     V11813 
    "4600"     "4000"    "52700"    "45600"    "45900"    "37100"      "160" 
    V11814     V11815     V11816     V11817     V11818     V11819     V11820 
     "150"       "60"      "220"      "140"      "310"      "310"       "90" 
    V11821     V11822     V11823     V11824     V11825     V11826     V11827 
      "60"      "130"       "80"       "80"      "110"       "90"       "60" 
    V11828     V11829     V11830     V11831     V11832     V11833     V11834 
  "238000"   "270000"    "44800"     "6500"    "81600"    "68300"    "26100" 
    V11835     V11836     V11837     V11838     V11839     V11840     V11841 
   "27900"    "60000"     "6300"      "200"      "100"        "0"   "290000" 
    V11842     V11843     V11844     V11845     V11846     V11847     V11848 
  "462000"    "44500"    "35600"    "36000"    "18800"    "10300"    "17700" 
    V11849     V11850     V11851     V11852     V11853     V11854     V11855 
   "28500"     "2200"      "100"      "100"      "100"        "0"  "1400000" 
    V11856     V11857     V11858     V11859     V11860     V11861     V11862 
 "1200000"  "1000000"   "480000"    "90000"    "50000"     "6000"     "3000" 
    V11863     V11864     V11865     V11866     V11867     V11868     V11869 
   "70000"   "350000"   "180000"    "70000"    "40000"    "30000"     "9000" 
    V11870     V11871     V11872     V11873     V11874     V11875     V11876 
   "40000"    "40000"    "30000"     "3000"        "0"      "970"        "0" 
    V11877     V11878     V11879     V11880     V11881     V11882     V11883 
     "250"      "200"      "220"   "140000"   "143000"     "1300"    "50200" 
    V11884     V11885     V11886     V11887     V11888     V11889     V11890 
   "56000"        "0"    "16000"    "30000"    "80000"    "13000"    "34000" 
    V11891     V11892     V11893     V11894     V11895     V11896     V11897 
    "5000"     "5600"    "58000"    "33000"    "14000"      "600"      "600" 
> data<-as.numeric(unlist(data))
Warning message:
NAs introduced by coercion 
> Cs_134<-benford(data,2,sign="both")
> Cs_134

Benford object:
 
Data: data 
Number of observations used = 1274 
Number of obs. for second order = 740 
First digits analysed = 2

Mantissa: 

   Statistic  Value
        Mean  0.495
         Var  0.089
 Ex.Kurtosis -1.188
    Skewness -0.092


The 5 largest deviations: 

  digits absolute.diff
1     10         39.27
2     30         31.86
3     40         29.34
4     70         25.15
5     60         23.85

Stats:

        Pearson's Chi-squared test

data:  data
X-squared = 509.2, df = 89, p-value < 2.2e-16


        Mantissa Arc Test

data:  data
L2 = 0.0029476, df = 2, p-value = 0.0234

Mean Absolute Deviation (MAD): 0.004263393
MAD Conformity - Nigrini (2012): Nonconformity
Distortion Factor: -0.1782383

Remember: Real data will never conform perfectly to Benford's Law. You should not focus on p-values!> 
> plot(Cs_134)
> library(zipfR)
> data<-read.spc(file=file.choose())
Error in file.choose() : file choice cancelled
>  data<-read.spc(file=file.choose())
Error in file.choose() : file choice cancelled
>  data<-read.spc(file=file.choose())
> data
  m  Vm
1 1 369
2 2 208
3 3 169
4 4 128
5 5  97
6 6  85
7 7  98
8 8  55
9 9  65

    N    V
 4510 1274
> summary(data)
zipfR object for frequency spectrum
Sample size:     N  = 4510 
Vocabulary size: V  = 1274 
Class sizes:     Vm = 369 208 169 128 97 85 98 55 ...
> plot(data)
> plot(data,log="x")
> 
